[7, 7], [8, 7], [9, 7], [10, 7], [11, 7], [12, 7], [13, 7], [14, 7], [15, 7], [16, 7], [17, 7], [18, 7], [19, 7], [20, 7], [21, 7], [22, 7], [23, 7], [24, 7], [25, 7], [26, 7], [27, 7], [28, 7], [29, 7], [30, 7], [31, 7], [32, 7], [33, 7], [34, 7], [35, 7], [36, 7], [37, 7], [38, 7], [39, 7], [40, 7], [49, 7], [50, 7], [51, 7], [52, 7], [53, 7], [54, 7], [55, 7], [56, 7], [57, 7], [58, 7], [59, 7], [60, 7], [61, 7], [62, 7], [63, 7], [64, 7], [65, 7], [66, 7], [67, 7], [68, 7], [69, 7], [70, 7], [71, 7], [72, 7], [73, 7], [74, 7], [75, 7], [76, 7], [77, 7], [78, 7], [79, 7], [80, 7], [81, 7], [82, 7],
[7, 8], [19, 8], [28, 8], [40, 8], [49, 8], [61, 8], [70, 8], [82, 8],
[7, 9], [19, 9], [28, 9], [40, 9], [49, 9], [61, 9], [70, 9], [82, 9],
[7, 10], [19, 10], [28, 10], [40, 10], [49, 10], [61, 10], [70, 10], [82, 10],
[7, 11], [19, 11], [28, 11], [40, 11], [49, 11], [61, 11], [70, 11], [82, 11],
[7, 12], [19, 12], [28, 12], [40, 12], [49, 12], [61, 12], [70, 12], [82, 12],
[7, 13], [19, 13], [28, 13], [40, 13], [49, 13], [61, 13], [70, 13], [82, 13],
[7, 14], [19, 14], [28, 14], [40, 14], [49, 14], [61, 14], [70, 14], [82, 14],
[7, 15], [19, 15], [28, 15], [40, 15], [49, 15], [61, 15], [70, 15], [82, 15],
[7, 16], [8, 16], [9, 16], [10, 16], [11, 16], [12, 16], [13, 16], [14, 16], [15, 16], [16, 16], [17, 16], [18, 16], [19, 16], [28, 16], [29, 16], [30, 16], [31, 16], [32, 16], [33, 16], [34, 16], [35, 16], [36, 16], [37, 16], [38, 16], [39, 16], [40, 16], [49, 16], [58, 16], [59, 16], [60, 16], [61, 16], [70, 16], [71, 16], [72, 16], [73, 16], [82, 16],
[7, 17], [19, 17], [34, 17], [49, 17], [58, 17], [73, 17], [82, 17],
[7, 18], [19, 18], [34, 18], [49, 18], [58, 18], [73, 18], [82, 18],
[7, 19], [19, 19], [34, 19], [49, 19], [58, 19], [73, 19], [82, 19],
[7, 20], [19, 20], [34, 20], [49, 20], [58, 20], [73, 20], [82, 20],
[7, 21], [19, 21], [34, 21], [49, 21], [58, 21], [73, 21], [82, 21],
[7, 22], [19, 22], [34, 22], [49, 22], [58, 22], [73, 22], [82, 22],
[7, 23], [19, 23], [34, 23], [49, 23], [58, 23], [73, 23], [82, 23],
[7, 24], [19, 24], [34, 24], [49, 24], [58, 24], [73, 24], [82, 24],
[7, 25], [8, 25], [9, 25], [10, 25], [11, 25], [12, 25], [13, 25], [14, 25], [15, 25], [16, 25], [17, 25], [18, 25], [19, 25], [28, 25], [29, 25], [30, 25], [31, 25], [32, 25], [33, 25], [34, 25], [35, 25], [36, 25], [37, 25], [38, 25], [39, 25], [40, 25], [41, 25], [42, 25], [43, 25], [44, 25], [45, 25], [46, 25], [47, 25], [48, 25], [49, 25], [58, 25], [59, 25], [60, 25], [61, 25], [70, 25], [71, 25], [72, 25], [73, 25], [82, 25],
[7, 26], [40, 26], [49, 26], [61, 26], [70, 26], [82, 26],
[7, 27], [40, 27], [49, 27], [61, 27], [70, 27], [82, 27],
[7, 28], [40, 28], [49, 28], [61, 28], [70, 28], [82, 28],
[7, 29], [40, 29], [49, 29], [61, 29], [70, 29], [82, 29],
[7, 30], [40, 30], [49, 30], [61, 30], [70, 30], [82, 30],
[7, 31], [40, 31], [49, 31], [61, 31], [70, 31], [82, 31],
[7, 32], [40, 32], [49, 32], [61, 32], [70, 32], [82, 32],
[7, 33], [40, 33], [49, 33], [61, 33], [70, 33], [82, 33],
[7, 34], [8, 34], [9, 34], [10, 34], [11, 34], [12, 34], [13, 34], [14, 34], [15, 34], [16, 34], [17, 34], [18, 34], [19, 34], [20, 34], [21, 34], [22, 34], [23, 34], [24, 34], [25, 34], [26, 34], [27, 34], [28, 34], [29, 34], [30, 34], [31, 34], [32, 34], [33, 34], [34, 34], [35, 34], [36, 34], [37, 34], [38, 34], [39, 34], [40, 34], [41, 34], [42, 34], [43, 34], [44, 34], [45, 34], [46, 34], [47, 34], [48, 34], [49, 34], [50, 34], [51, 34], [52, 34], [53, 34], [54, 34], [55, 34], [56, 34], [57, 34], [58, 34], [59, 34], [60, 34], [61, 34], [62, 34], [63, 34], [64, 34], [65, 34], [66, 34], [67, 34], [68, 34], [69, 34], [70, 34], [71, 34], [72, 34], [73, 34], [74, 34], [75, 34], [76, 34], [77, 34], [78, 34], [79, 34], [80, 34], [81, 34], [82, 34],
[22, 35], [31, 35], [58, 35], [67, 35],
[22, 36], [31, 36], [58, 36], [67, 36],
[22, 37], [31, 37], [58, 37], [67, 37],
[22, 38], [31, 38], [58, 38], [67, 38],
[22, 39], [31, 39], [58, 39], [67, 39],
[22, 40], [31, 40], [58, 40], [67, 40],
[22, 41], [31, 41], [58, 41], [67, 41],
[22, 42], [31, 42], [58, 42], [67, 42],
[22, 43], [31, 43], [58, 43], [67, 43],
[22, 44], [31, 44], [58, 44], [67, 44],
[22, 45], [31, 45], [58, 45], [67, 45],
[0, 46], [1, 46], [2, 46], [3, 46], [4, 46], [5, 46], [6, 46], [7, 46], [8, 46], [9, 46], [10, 46], [11, 46], [12, 46], [13, 46], [14, 46], [15, 46], [16, 46], [17, 46], [18, 46], [19, 46], [20, 46], [21, 46], [22, 46], [23, 46], [24, 46], [25, 46], [26, 46], [27, 46], [28, 46], [29, 46], [30, 46], [31, 46], [58, 46], [59, 46], [60, 46], [61, 46], [62, 46], [63, 46], [64, 46], [65, 46], [66, 46], [67, 46], [68, 46], [69, 46], [70, 46], [71, 46], [72, 46], [73, 46], [74, 46], [75, 46], [76, 46], [77, 46], [78, 46], [79, 46], [80, 46], [81, 46], [82, 46], [83, 46], [84, 46], [85, 46], [86, 46], [87, 46], [88, 46], [89, 46],
[22, 47], [31, 47], [58, 47], [67, 47],
[22, 48], [31, 48], [58, 48], [67, 48],
[22, 49], [31, 49], [58, 49], [67, 49],
[22, 50], [31, 50], [58, 50], [67, 50],
[22, 51], [31, 51], [58, 51], [67, 51],
[22, 52], [31, 52], [58, 52], [67, 52],
[22, 53], [31, 53], [58, 53], [67, 53],
[22, 54], [31, 54], [58, 54], [67, 54],
[22, 55], [31, 55], [32, 55], [33, 55], [34, 55], [35, 55], [36, 55], [37, 55], [38, 55], [39, 55], [40, 55], [41, 55], [42, 55], [43, 55], [44, 55], [45, 55], [46, 55], [47, 55], [48, 55], [49, 55], [50, 55], [51, 55], [52, 55], [53, 55], [54, 55], [55, 55], [56, 55], [57, 55], [58, 55], [67, 55],
[22, 56], [31, 56], [40, 56], [49, 56], [58, 56], [67, 56],
[22, 57], [31, 57], [40, 57], [49, 57], [58, 57], [67, 57],
[7, 58], [8, 58], [9, 58], [10, 58], [11, 58], [12, 58], [13, 58], [14, 58], [15, 58], [16, 58], [17, 58], [18, 58], [19, 58], [20, 58], [21, 58], [22, 58], [23, 58], [24, 58], [25, 58], [26, 58], [27, 58], [28, 58], [29, 58], [30, 58], [31, 58], [40, 58], [49, 58], [58, 58], [59, 58], [60, 58], [61, 58], [62, 58], [63, 58], [64, 58], [65, 58], [66, 58], [67, 58], [68, 58], [69, 58], [70, 58], [71, 58], [72, 58], [73, 58], [74, 58], [75, 58], [76, 58], [77, 58], [78, 58], [79, 58], [80, 58], [81, 58], [82, 58],
[7, 59], [31, 59], [40, 59], [49, 59], [58, 59], [82, 59],
[7, 60], [31, 60], [40, 60], [49, 60], [58, 60], [82, 60],
[7, 61], [31, 61], [40, 61], [49, 61], [58, 61], [82, 61],
[7, 62], [31, 62], [40, 62], [49, 62], [58, 62], [82, 62],
[7, 63], [31, 63], [40, 63], [49, 63], [58, 63], [82, 63],
[7, 64], [31, 64], [32, 64], [33, 64], [34, 64], [35, 64], [36, 64], [37, 64], [38, 64], [39, 64], [40, 64], [49, 64], [50, 64], [51, 64], [52, 64], [53, 64], [54, 64], [55, 64], [56, 64], [57, 64], [58, 64], [82, 64],
[7, 65], [31, 65], [58, 65], [82, 65],
[7, 66], [31, 66], [58, 66], [82, 66],
[7, 67], [8, 67], [9, 67], [10, 67], [11, 67], [12, 67], [13, 67], [14, 67], [15, 67], [16, 67], [17, 67], [18, 67], [19, 67], [20, 67], [21, 67], [22, 67], [31, 67], [58, 67], [59, 67], [60, 67], [61, 67], [62, 67], [63, 67], [64, 67], [65, 67], [66, 67], [67, 67], [68, 67], [69, 67], [70, 67], [71, 67], [72, 67], [73, 67], [74, 67], [75, 67], [76, 67], [77, 67], [78, 67], [79, 67], [80, 67], [81, 67], [82, 67],
[13, 68], [22, 68], [31, 68], [58, 68], [82, 68],
[13, 69], [22, 69], [31, 69], [58, 69], [82, 69],
[13, 70], [22, 70], [31, 70], [58, 70], [82, 70],
[13, 71], [22, 71], [31, 71], [58, 71], [82, 71],
[13, 72], [22, 72], [31, 72], [58, 72], [82, 72],
[13, 73], [22, 73], [31, 73], [32, 73], [33, 73], [34, 73], [35, 73], [36, 73], [37, 73], [38, 73], [39, 73], [40, 73], [41, 73], [42, 73], [43, 73], [44, 73], [45, 73], [46, 73], [47, 73], [48, 73], [49, 73], [50, 73], [51, 73], [52, 73], [53, 73], [54, 73], [55, 73], [56, 73], [57, 73], [58, 73], [82, 73],
[13, 74], [22, 74], [31, 74], [58, 74], [82, 74],
[13, 75], [22, 75], [31, 75], [58, 75], [82, 75],
[13, 76], [22, 76], [23, 76], [24, 76], [25, 76], [26, 76], [27, 76], [28, 76], [29, 76], [30, 76], [31, 76], [58, 76], [59, 76], [60, 76], [61, 76], [62, 76], [63, 76], [64, 76], [65, 76], [66, 76], [67, 76], [68, 76], [69, 76], [70, 76], [71, 76], [72, 76], [73, 76], [82, 76],
[13, 77], [22, 77], [31, 77], [58, 77], [73, 77], [82, 77],
[13, 78], [22, 78], [31, 78], [58, 78], [73, 78], [82, 78],
[13, 79], [22, 79], [31, 79], [58, 79], [73, 79], [82, 79],
[13, 80], [22, 80], [31, 80], [58, 80], [73, 80], [82, 80],
[13, 81], [22, 81], [31, 81], [58, 81], [73, 81], [82, 81],
[13, 82], [22, 82], [31, 82], [32, 82], [33, 82], [34, 82], [35, 82], [36, 82], [37, 82], [38, 82], [39, 82], [40, 82], [49, 82], [50, 82], [51, 82], [52, 82], [53, 82], [54, 82], [55, 82], [56, 82], [57, 82], [58, 82], [73, 82], [82, 82],
[13, 83], [22, 83], [40, 83], [49, 83], [73, 83], [82, 83],
[13, 84], [22, 84], [40, 84], [49, 84], [73, 84], [82, 84],
[13, 85], [22, 85], [40, 85], [49, 85], [73, 85], [82, 85],
[13, 86], [22, 86], [40, 86], [49, 86], [73, 86], [82, 86],
[13, 87], [22, 87], [40, 87], [49, 87], [73, 87], [82, 87],
[13, 88], [22, 88], [40, 88], [49, 88], [73, 88], [82, 88],
[13, 89], [22, 89], [40, 89], [49, 89], [73, 89], [82, 89],
[13, 90], [22, 90], [40, 90], [49, 90], [73, 90], [82, 90],
[7, 91], [8, 91], [9, 91], [10, 91], [11, 91], [12, 91], [13, 91], [14, 91], [15, 91], [16, 91], [17, 91], [18, 91], [19, 91], [20, 91], [21, 91], [22, 91], [23, 91], [24, 91], [25, 91], [26, 91], [27, 91], [28, 91], [29, 91], [30, 91], [31, 91], [32, 91], [33, 91], [34, 91], [35, 91], [36, 91], [37, 91], [38, 91], [39, 91], [40, 91], [41, 91], [42, 91], [43, 91], [44, 91], [45, 91], [46, 91], [47, 91], [48, 91], [49, 91], [50, 91], [51, 91], [52, 91], [53, 91], [54, 91], [55, 91], [56, 91], [57, 91], [58, 91], [59, 91], [60, 91], [61, 91], [62, 91], [63, 91], [64, 91], [65, 91], [66, 91], [67, 91], [68, 91], [69, 91], [70, 91], [71, 91], [72, 91], [73, 91], [74, 91], [75, 91], [76, 91], [77, 91], [78, 91], [79, 91], [80, 91], [81, 91], [82, 91]